-659293291900725488
-659293291900725488
-659293291900725488
-659293291900725488
-659293291900725488
-659293291900725488
-659293291900725488
-659293291900725488
-659293291900725488
-659293291900725488
-659293291900725488
-659293291900725488
-659293291900725488
-659293291900725488
-659293291900725488
-659293291900725488
-659293291900725488
-659293291900725488
-659293291900725488
-659293291900725488
-659293291900725488
-659293291900725488
-659293291900725488
-659293291900725488
-659293291900725488
-659293291900725488
-659293291900725488
-659293291900725488
-659293291900725488
-659293291900725488
-659293291900725488
-659293291900725488
2537184170178946005
-6530960871408884186
-8730195219784747256
-6041548111060190736
-7957075212723288637
-6041548111060190736
2507792285634992701
2537184170178946005
-7703346590610324007
-6041548111060190736
6834955004197680363
-7957075212723288637
-3598839107172323497
2537184170178946005
-6530960871408884186
-7703346590610324007
4703666581826301487
233329666533924104
6744895540894632903
8418086691718335568
233329666533924104
-7583489610679606711
8070480893871644201
-7957075212723288637
-6041548111060190736
-1163285318574071206
6744895540894632903
233329666533924104
3694815635762763843
-8730195219784747256
-7617848756615068317
8418086691718335568
-5778060558929342982
6744895540894632903
-7617848756615068317
8418086691718335568
233329666533924104
-7583489610679606711
6834955004197680363
-4477070468689579689
3596675173038026136
-7583489610679606711
6834955004197680363
-8730195219784747256
6744895540894632903
-7617848756615068317
-6041548111060190736
-1321432343506178064
6744895540894632903
4233129741512941149
5922709015603821319
6744895540894632903
-4477070468689579689
-5778060558929342982
-7583489610679606711
-7617848756615068317
-5778060558929342982
6744895540894632903
2755936516345535118
-7703346590610324007
-1163285318574071206
-8730195219784747256
6834955004197680363
-6530960871408884186
4703666581826301487
6390938501586896152
6834955004197680363
-6530960871408884186
6744895540894632903
-7617848756615068317
